Links
2169
737
717
506
482
470
463
448
426
420
408
392
377
359
311
281
274
271
264
261
261
260
260
259
259
246
238
231
231
230
223
221
216
214
214
211
206
198
196
195
194
192
191
191
186
186
185
184
184
181
181
180
180
179
178
177
176
176
174
173
172
171
171
170
170
168
168
167
164
163
162
160
160
159
156
153
153
152
151
151
150
150
148
147
146
144
144
143
141
141
140
139
136
134
134
134
134
134
134
132
132
131
129
128
128
127
126
126
126
125
124
121
121
120
119
118
116
115
115
114
113
111
111
109
108
108
107
106
105
104
104
103
103
103
103
100
100
99
98
98
98
98
97
96
95
95
94
93
93
93
92
92
91
90
89
87
87
87
86
86
86
86
85
84
84
84
83
82
81
81
81
80
79
79
79
78
78
77
76
75
75
75
75
74
74
74
73
72
72
72
71
71
71
71
70
69
67
67
67
67
67
66
66
66
65
65
65
64
64
63
63
62
61
61
60
59
57
57
57
57
56
56
55
55
55
54
54
53
53
53
53
52
52
51
51
51
51
50
50
50
49
49
48
48
47
47
45
45
45
42
42
42
41
40
40
39
38
37
37
36
36
36
36
35
35
35
35
34
34
34
34
34
33
33
33
33
33
32
32
32
32
31
30
30
30
30
29
29
29
27
27
27
25
24
24
23
23
23
21
20
19
19
17
16
15
13
13
12
11
11
11
10
9
9
8
7
6
6
6
6
5
5
4
3
2
2
1
1
1
